1892002
1924001
1941001
23714
23910
25789
26012
27593
28616
28774
28818
28868
28906
28908
29182
29313
30126
30282
30741
31021
31201
31217
31533
31999
32176
33112
33114
33733
35140
35158
35793
36591
37053
37060
37662
38529
38956
38957
39017
39031
41677
42024
42225
42283
44375
45493
45845
46295
48151
48869
49408
50784
50843
52011
52048
52098
53063
53352
53860
54721
55135
55451
55714
55955
56050
57421
57689
57755
57758
57770
57772
57781
57787
57805
57814
57816
57818
57825
57828
57830
57836
57853
59383
59469
59480
59489
59502
59504
59511
59514
59526
60558
62445
62547
62651
62997
63004
63114
63318
63391
63402
63451
63537
63559
63561
63836
63856
64024
64061
64063
64124
64139
64141
64231
64277
64319
64404
64413
64456
64482
64821
65227
65363
65457
65634
65791
65802
65914
66285
66337
66395
66411
66711
66737
66830
67531
67599
67651
67831
68413
68484
68491
69134
69360
69388
69981
70012
70282
70361
70603
70610
71443
71495
71525
72052
72278
72495
72640
73103
73400
73674
74106
74754
74808
75079
75232
75778
78509
78523
81603
82980
83855
84020
84537
85673
86189
86535
86824
87393
88135
88636
89773
89970
90300
90320
90428
90430
90482
90490
90503
90575
90856
91096
91158
91752
94404
95321
95576
97143
