1892002
1924001
23714
23910
27593
28616
28774
28818
28868
28906
28908
29182
30126
30282
31021
31201
31217
31533
32176
33112
35140
35158
35793
36591
37053
37060
37662
38956
39017
39031
41677
44375
45845
46295
48151
48869
49408
50784
50843
52048
53063
53352
53860
55451
55714
55955
56050
57421
57755
57758
57772
57781
57787
57805
57814
57816
57818
57830
57836
57853
59383
59469
59502
59504
59511
59526
60558
62445
62651
62997
63004
63318
63391
63402
63451
63537
63836
64024
64063
64124
64139
64141
64231
64319
64404
64413
64482
64821
65227
65363
65634
65802
65914
66337
66395
66411
66711
66737
66830
67599
67651
68413
68484
68491
69134
69388
69981
70012
70282
70603
70610
71443
71495
71525
72052
72278
72640
73103
73400
73674
75232
75778
78509
78523
83855
84020
86535
88135
88636
89773
89970
90300
90320
90428
90482
90490
90503
90575
91096
91158
91752
94404
95321
95576
97143
